key_id,key_secret
rzp_test_OBYVbsMPplTq7D,DhO1dFVKVuTKCzmiaW6uOS1S
